1 11 9 33
2 23 19 33
3 11 9 33
4 23 19 33
5 11 9 33
6 23 19 33
7 11 9 33
8 23 19 33
9 11 9 33
10 23 19 33
11 11 9 33
12 23 19 33
13 11 9 33
14 23 19 33
15 11 9 33
16 23 19 33
17 11 9 33
18 35 18 44
19 11 9 33
20 35 18 44
21 11 9 33
22 35 18 44
23 47 23 47
24 11 9 33
25 35 18 44
26 11 9 33
27 22 15 34
28 34 20 34
29 11 9 33
30 22 15 34
31 11 9 33
32 23 14 23
33 11 9 33
34 12 10 43
35 36 19 43
36 12 10 43
37 36 19 43
38 12 10 43
39 36 19 43
40 12 10 43
41 36 19 43
42 12 10 43
43 23 16 35
44 35 21 35
45 12 10 43
46 23 16 35
47 12 10 43
48 24 15 24
49 12 10 43
50 24 9 47
51 35 15 47
52 47 20 47
53 24 9 47
54 35 15 47
55 24 9 47
56 36 14 36
57 24 9 47
58 11 6 23
59 23 11 23
60 11 6 23
61 12 5 12
